3
29
38
12
57
74
40
85
61
//최댓값

2735 1

25 4

6 3
//약수 구하기

0 1 0 1
1 1 1 0
0 0 1 1 

0 4 2 5 6
//검증수

0 32
3 13
28 25
39 0
//지능형 기차

23 48
25	

17 40
80

14 30
20
//오븐시계

6 4
4 1
8
//개미

(((()(()()))(())()))(()())
()(((()())(())()))(())
//쇠막대기

100
//60

45
//59

3 7 10
//58

3 5 6 1 0
7 2 3 6 10 0
//57

7
//55

5
//54

3
//53

6
//52

5
//49, 50, 51

AAAAABBBCCCCCCCCC
//48

COMPUTER
L
3
//47

Webmaster@YahooMail
//46

I am Tom
//45

KOREAN
AMERICA
CONGRATULATION
I HAVE A BANANA
HOW ARE YOU?
//44

PROGRAMMING
//43

70
//42

5
Tom 95
John 92
Mary 97
Paul 100
Jane 95
//41

10 30
//34

9887
//40

10
23 45 12 34 62 25 89 61 26 11
//39

1 3 5
2 4 5
1 2 3
2 2 2
0 0 0
//38

70 56 54 61 67 87 45 79 85
//37

8.1 238 48 10 -0.3 0.2 58 4.2 -5  3.5
//36

//35
115 276

//graph navigation
6
0 1 1 0 0 0
1 0 1 1 0 0
1 1 0 1 1 0
0 1 1 0 1 1
0 0 1 1 0 1
0 0 0 1 1 0

//34
10 30

//33
2004

//32
30

// 31
10

//30
34 12 47 91 26 56 88 61 78 48

//29
38 115 2 17 187 964 27 8 15 287

//28
482

//27
10 30

//26
7

//25
5

//23,24
4

//22
3 7 5 10 0

//21
5

//ilend
10
0 0 0 1 0 0 0 0 0 0
0 1 1 0 0 0 1 0 0 1
0 1 0 1 0 0 1 0 1 1
0 0 0 1 0 1 1 0 0 1
0 0 0 0 0 0 0 1 0 0
0 1 1 1 0 1 1 1 1 0
0 1 1 0 0 0 0 0 0 1
0 0 0 0 1 1 0 1 1 1
0 1 1 1 1 1 1 1 1 1
0 0 0 0 0 0 0 0 1 0